#name
instance

#numDepots
1

#numLockers
5

#numMunicipalities
75

#vehicleCapacity
1445

#sml limits
100 200 350

#depots
+----+------------------+--------+--------------+---------------+---------------+
| id | name | region | latitude | longitude | # technicians |
+----+------------------+--------+--------------+---------------+---------------+
 0 DEPOT DM -20.752327 -42.876433 1 

#municipalities
+----+---------------------------+--------------+---------------+
| id | city_name | latitude | longitude |
+----+---------------------------+--------------+---------------+
1 CUSTOMER -20.762852 -42.900547
2 CUSTOMER -20.744063 -42.852214
3 CUSTOMER -20.759264 -42.904449
4 CUSTOMER -20.734146 -42.891618
5 CUSTOMER -20.753156 -42.842658
6 CUSTOMER -20.762388 -42.908312
7 CUSTOMER -20.7708810031881 -42.8968048095703
8 CUSTOMER -20.753822 -42.861433
9 CUSTOMER -20.715244 -42.869973
10 CUSTOMER -20.742468 -42.845646
11 CUSTOMER -20.762222 -42.903698
12 CUSTOMER -20.734997 -42.892437
13 CUSTOMER -20.771844 -42.906055
14 CUSTOMER -20.731836 -42.909953
15 CUSTOMER -20.775965 -42.86444
16 CUSTOMER -20.716122 -42.871662
17 CUSTOMER -20.757558548823063 -42.86092725656822
18 CUSTOMER -20.747153 -42.86362
19 CUSTOMER -20.757167 -42.887067
20 CUSTOMER -20.753866576560586 -42.8813585920367
21 CUSTOMER -20.7744120592092 -42.891306387802246
22 CUSTOMER -20.731070664871474 -42.84634102621703
23 CUSTOMER -20.756916473167035 -42.845821922646735
24 CUSTOMER -20.762831 -42.92287
25 CUSTOMER -20.745941 -42.881009
26 CUSTOMER -20.762127 -42.868338
27 CUSTOMER -20.733917 -42.918125
28 CUSTOMER -20.74889029739286 -42.86796526461699
29 CUSTOMER -20.755241 -42.908278
30 CUSTOMER -20.764688 -42.843856
31 CUSTOMER -20.767685 -42.854303
32 CUSTOMER -20.764799 -42.851068
33 CUSTOMER -20.772004529966658 -42.90075334645913
34 CUSTOMER -20.720199 -42.863587
35 CUSTOMER -20.770436 -42.887853
36 CUSTOMER -20.766384 -42.848325
37 CUSTOMER -20.7644606898756 -42.887191501445194
38 CUSTOMER -20.764459 -42.849685
39 CUSTOMER -20.770394 -42.879163
40 CUSTOMER -20.748909 -42.883271
41 CUSTOMER -20.732516 -42.893075
42 CUSTOMER -20.709688 -42.864453
43 CUSTOMER -20.733478845945786 -42.86058474686156
44 CUSTOMER -20.740765 -42.841317
45 CUSTOMER -20.734285 -42.901262
46 CUSTOMER -20.733478845945786 -42.87551787737458
47 CUSTOMER -20.76937 -42.842306
48 CUSTOMER -20.738635 -42.845423
49 CUSTOMER -20.74554 -42.870786
50 CUSTOMER -20.732194487473876 -42.88804422540547
51 CUSTOMER -20.744827 -42.924312
52 CUSTOMER -20.7634976193491 -42.879467118904365
53 CUSTOMER -20.732997212795915 -42.86522285622832
54 CUSTOMER -20.759505 -42.891687
55 CUSTOMER -20.726896393592025 -42.853893693177746
56 CUSTOMER -20.725735 -42.880585
57 CUSTOMER -20.777647 -42.899811
58 CUSTOMER -20.7593 -42.837838
59 CUSTOMER -20.741087 -42.906947
60 CUSTOMER -20.779731 -42.863335
61 CUSTOMER -20.733318301732783 -42.877919185338506
62 CUSTOMER -20.747851 -42.922423
63 CUSTOMER -20.73797401477071 -42.880667393464265
64 CUSTOMER -20.777619 -42.904008
65 CUSTOMER -20.772647 -42.882844
66 CUSTOMER -20.729625737837722 -42.87705502451351
67 CUSTOMER -20.715389 -42.865307
68 CUSTOMER -20.737101 -42.893272
69 CUSTOMER -20.7663868125152 -42.891825708185124
70 CUSTOMER -20.73460265066883 -42.867966673898884
71 CUSTOMER -20.750521 -42.875487
72 CUSTOMER -20.774273 -42.906006
73 CUSTOMER -20.764686 -42.900156
74 CUSTOMER -20.758245 -42.874747
75 CUSTOMER -20.740886 -42.900364
76 LOCKER -20.7586821746589 -42.8822137009356
77 LOCKER -20.763176594476363 -42.85440407004084
78 LOCKER -20.7705599940022 -42.8950881958008
79 LOCKER -20.732515578113524 -42.88341337926087
80 LOCKER -20.744994 -42.863478
